,0
0,-59.23815455713243
1,-75.37238729418881
2,-53.56792460334142
3,-69.99558781397873
4,-51.76296465051674
5,-32.87112959926588
6,-125.40468662933367
7,-67.94133880944305
8,-139.8693089894853
9,-106.61205885098337
10,-54.00840934158796
11,-82.37809535125733
12,-128.59457166896777
13,-109.209615932559
14,-104.25647002339905
15,-134.21648973697864
16,-112.82369290299293
17,-129.23097702307624
18,-131.0467889328499
19,-122.51506010270478
20,-138.36955694130523
21,-122.20941736171036
22,-120.74526610609928
23,-134.26069241556633
24,-120.9897429642132
25,-132.16383507082327
26,-120.66289673214662
27,-119.59254132240997
28,-120.36638624395236
29,-136.86590892968172
30,-143.20217452575343
31,-108.35486954771731
32,-139.23299166749882
33,-115.27427266765956
34,-101.72487831131949
35,-101.72989596460985
36,-100.57977382762891
37,-104.119863137952
38,-129.57551581900546
39,-127.98320566395822
40,-130.52180581799627
41,-129.25490560262193
42,-131.00738979087805
43,-123.92281760323692
44,-107.40140765649302
45,-116.17252143026727
46,-117.82622768209889
47,-116.24967390218397
48,-117.54637161807777
49,-124.23887900783552
