,0
0,-113.21844240447416
1,-113.12364632784977
2,-112.81649433059492
3,-109.14179752045344
4,-107.96733367093506
5,-110.37380085373042
6,-106.9075863720873
7,-103.71401118252103
8,-115.29504836786198
9,-101.22833599278732
10,-103.45443089907985
11,-102.00491189165237
12,-99.88802869803503
13,-102.1746038273828
14,-103.62837581690012
15,-102.30934610938088
16,-102.48008660918654
17,-43.44780701742129
18,-111.79524303614448
19,-107.38526588427852
20,-124.26025238231512
21,-120.21285754876152
22,-119.16253961482859
23,-111.70438711258888
24,-110.12297160447307
25,-118.54069467443698
26,-117.24810356323897
27,-109.63049011648565
28,-117.87221792940585
29,-108.24889147845818
30,-109.68772422202049
31,-114.86879101447806
32,-108.40740639976805
33,-115.27926681024677
34,-114.88533641228226
35,-107.51841680061237
36,-114.74759333698151
37,-116.30796147169444
38,-108.41229139171826
39,-114.96077331763553
40,-108.52773357398158
41,-108.31470525687668
42,-114.35354584944697
43,-115.34053837072261
44,-107.82702509578954
45,-106.53617786598845
46,-109.1414344643692
47,-111.36616198927464
48,-116.50078641538742
49,-109.39866492043204
