,0
0,-125.94677634845272
1,-123.94747222826307
2,-119.5469722326608
3,-127.20769559124379
4,-123.63575822504039
5,-122.85417274501589
6,-128.15595020144923
7,-126.80184938132034
8,-119.9400511195908
9,-120.73700052991643
10,-122.68721735023676
11,-120.83624050314543
12,-122.37348642591239
13,-123.73933251331405
14,-120.61941144127017
15,-122.36449177105835
16,-121.5260349205715
17,-119.53332835719033
18,-120.6416393934965
19,-122.82784411100995
20,-122.42481060604486
21,-122.21200615329542
22,-127.80021841463169
23,-127.8926650103183
24,-127.52364915769202
25,-125.98783487877503
26,-122.86918282040821
27,-122.9330676585198
28,-123.93715506642334
29,-122.32369935008296
30,-122.83855157047701
31,-121.31632886783163
32,-128.49378411409248
33,-120.15161459712147
34,-125.95323320069025
35,-126.69712270636956
36,-125.05265110771113
37,-122.58427022116655
38,-120.91248247143768
39,-122.17056278968238
40,-123.56575506600595
41,-121.74206153223668
42,-122.62643744822303
43,-122.47591700107968
44,-122.80258724834569
45,-122.56638427654227
46,-125.54683292181252
47,-123.01665063049208
48,-125.59846306385919
49,-123.23912902944875
