,0
0,-117.47729028668206
1,-126.86458452014132
2,-116.77571804458168
3,-127.5645391055985
4,-126.13123763620732
5,-128.42666218868297
6,-115.06379147336044
7,-123.66212458242138
8,-125.09189711090687
9,-125.42356251825063
10,-125.64468886893775
11,-122.64985911474858
12,-122.389544202334
13,-122.59824955864931
14,-123.23343318374856
15,-123.01360701320775
16,-125.29391296719619
17,-127.9407317088291
18,-115.03582671465085
19,-126.89523927205475
20,-123.1610378040737
21,-125.64536774393937
22,-115.23035762553697
23,-124.23199694186292
24,-125.204467659929
25,-117.21558350755689
26,-122.23059265106448
27,-126.91273412847696
28,-126.74315310809884
29,-125.16932345973304
30,-115.75166478289212
31,-122.13860384111783
32,-124.97421604200498
33,-116.22715903212342
34,-127.15358201083447
35,-121.2664437999264
36,-124.59942788196278
37,-127.59705432095555
38,-124.71653580826369
39,-117.78997365991911
40,-116.66006484662532
41,-116.98688239467685
42,-122.2113600047966
43,-124.89398369424285
44,-128.41632440306714
45,-123.71007953949723
46,-122.31041289576231
47,-122.52663230630876
48,-127.31576065657627
49,-128.59233827503374
50,-125.6390163398363
51,-116.0137411452835
52,-120.87473427901762
53,-116.50774805122845
54,-124.32020041514085
55,-117.72592866784582
56,-127.94491249389066
57,-124.87615244646487
58,-117.78762069936542
59,-126.23715348965695
60,-127.03163625640929
61,-128.08138624997986
62,-126.8940528680524
63,-127.37672438667349
64,-122.20243097474683
65,-123.30300417187618
66,-117.37217092323135
67,-116.14323782385306
68,-127.21238276701493
69,-121.99622861914781
70,-126.64233165225396
71,-127.84542520157372
72,-125.25963819243432
73,-125.01164662169211
74,-127.66291591973088
75,-127.56894655750455
76,-123.6461942868771
77,-120.44894220088412
78,-119.45715861773755
79,-123.79956541289668
80,-127.38988011837597
81,-125.87770978654771
82,-122.03404087955357
83,-125.72379850278598
84,-123.49795533509825
85,-117.14160233079352
86,-124.65593466796237
87,-127.6291820036605
88,-120.75501935280346
89,-123.30267119394881
90,-122.13881944743129
91,-116.72145486652452
92,-125.66439181794655
93,-122.9309965382809
94,-115.34901019344807
95,-121.75516991984487
96,-127.43977356323323
97,-127.25283013317699
98,-127.25637478513683
99,-124.74363666816863
