,0
0,-121.64690523811468
1,-117.7401237295774
2,-119.04371529526249
3,-117.64647658499311
4,-119.55020609961761
5,-104.32684832557857
6,-121.84612966029262
7,-119.15991342109778
8,-117.37469470536035
9,-117.32457230907468
10,-152.74062616905036
11,-121.17499400584057
12,-121.7953396319528
13,-121.89288575129319
14,-121.96494728646363
15,-121.70667526847608
16,-108.1347688764395
17,-102.437068964848
18,-125.21664965539229
19,-101.85917299441842
20,-115.71886046035642
21,-111.03143790824137
22,-102.2604886689486
23,-101.2183826426954
24,-101.37466651550494
25,-101.95457216055956
26,-103.28893798802387
27,-102.02548303660004
28,-101.97512816256334
29,-102.56967109364403
30,-101.26577223518743
31,-128.67610915109415
32,-124.19827631703694
33,-133.03839650274188
34,-111.29736310712285
35,-123.59847328612662
36,-121.48924246935313
37,-122.46498957461493
38,-122.99791659320621
39,-122.269889298507
40,-124.49007958363613
41,-122.8530457100048
42,-121.79448406155548
43,-125.45372829027288
44,-125.20358031074811
45,-125.15417674100154
46,-122.33624748506979
47,-122.06511570807237
48,-122.93513830360037
49,-122.11065599698361
