,0
0,-119.8168743550064
1,-125.70749193338428
2,-123.81083687326104
3,-126.18966944513784
4,-128.32775482724205
5,-125.3345483483046
6,-122.94773912629597
7,-121.9408972685974
8,-125.68906366343435
9,-123.23320039600623
10,-123.961089390524
11,-128.4714372148221
12,-122.92985330903282
13,-127.0002999409989
14,-128.19496799095208
15,-126.58571588855673
16,-122.52215344216532
17,-125.03262165695506
18,-123.98235811821102
19,-127.83456209245091
20,-126.41545354151852
21,-125.27132874326028
22,-127.15431744498767
23,-116.82133641304067
24,-122.97446096538195
25,-124.96291934103819
26,-125.45854001534485
27,-119.60916389120608
28,-120.34476423497908
29,-122.96051278632626
30,-127.0409080754269
31,-125.793817044105
32,-115.34252018060988
33,-125.95052151086236
34,-120.33109023205904
35,-119.97629707124528
36,-125.44667120882745
37,-126.19443656084354
38,-115.35008997644726
39,-124.6747547645796
40,-118.40776300008743
41,-125.42623841305357
42,-123.41624692952287
43,-117.77158823740467
44,-120.90239652551483
45,-126.74533686799278
46,-128.38520259373422
47,-128.09531751577646
48,-116.33113040666942
49,-118.37449534126624
