,0
0,-106.59885718986307
1,-116.13987799892195
2,-107.0311733602458
3,-115.95000698801678
4,-107.6360445845721
5,-116.67168470737026
6,-108.84246597653042
7,-108.75689425886574
8,-119.31147218000817
9,-108.33037396881531
10,-106.16482213596278
11,-114.5341312324554
12,-119.13140167784034
13,-117.6706792318373
14,-116.7941688465819
15,-114.60786736826486
16,-114.3607977815077
17,-28.010639800940996
18,-53.98550956823213
19,-38.77744847462855
20,-47.927700595917614
21,-42.42917602956378
22,-127.36121620530864
23,-96.69489751921304
24,-150.05582166351493
25,-172.31421541451937
26,-170.3752369259587
27,-152.65909742115474
28,-150.36344881876275
29,-149.19372696747448
30,-148.98826777361955
31,-150.88329426775695
32,-171.52447641027953
33,-171.7809285856967
34,-171.04016154921092
35,-171.40557710752142
36,-171.65466252067776
37,-171.6668985014477
38,-171.66757574108334
39,-171.40176425605208
40,-171.56564586537718
41,-171.36998839973504
42,-123.91708279477508
43,-124.58800861607493
44,-171.3548701505609
45,-171.78928592580783
46,-171.70133990809455
47,-172.53240871937848
48,-171.82425208254648
49,-171.11428295695112
