,0
0,-144.17587757750286
1,-103.87707036158167
2,-138.92730587948986
3,-100.38596246640007
4,-88.91627465753858
5,-73.34490914870824
6,-101.55032766913261
7,-121.32509388566622
8,-147.6324345376446
9,-133.06872225583166
10,-101.30734397039575
11,-99.34553363445441
12,-99.44430194754344
13,-105.25449319313596
14,-100.64177129037274
15,-153.10770282466316
16,-95.48365095517983
17,-123.56335476475098
18,-96.72905183118006
19,-131.6430325308958
20,-104.59710140101302
21,-132.65311449538032
22,-111.13711464353631
23,-103.52614352357023
24,-98.81864430121344
25,-102.46869855361803
26,-104.36301219281887
27,-104.35903232563781
28,-103.1635996931728
29,-103.7222663583733
30,-100.65920955741673
31,-101.72893878285929
32,-101.73964793869334
33,-100.86984294680215
34,-100.83384405440863
35,-100.48810522102585
36,-139.25190782898946
37,-116.01579894787137
38,-106.58541249075452
39,-80.7831335981205
40,-74.139518753516
41,-61.31826451915203
42,-136.84891794817557
43,-75.50075381458167
44,-49.635486057695346
45,-55.26721616654763
46,-103.80273749012109
47,-151.34594838095342
48,-82.56473501333681
49,-58.80434827602117
