,0
0,-119.9073049711457
1,-123.11419414463043
2,-127.2339581702797
3,-127.21164809036753
4,-126.55817973067258
5,-122.6875080746566
6,-122.77612229802
7,-125.64151099768583
8,-120.24720885573134
9,-124.95969750356511
10,-127.0124605589406
11,-124.65907952835606
12,-122.89719640617162
13,-119.70417446938445
14,-122.17538314909093
15,-122.82131091264422
16,-123.23325141449175
17,-122.31325915252611
18,-122.10434617350595
19,-125.82622986105632
20,-126.85137767030037
21,-124.44179654027067
22,-127.33121511603986
23,-124.0541922900272
24,-124.93362286794564
25,-115.75078704961257
26,-123.74513096097252
27,-124.95052317460717
28,-127.37263483416938
29,-125.16382533555654
30,-125.34492867723506
31,-122.20119807995687
32,-121.82918845055956
33,-121.87426688091324
34,-126.91814638913837
35,-121.29065766804021
36,-125.06718528421956
37,-124.20509325932913
38,-126.51229623493371
39,-123.00341091449948
40,-125.39625962909791
41,-125.02507154188011
42,-125.68653073924223
43,-120.53704755953198
44,-123.51065891836524
45,-127.80016367894305
46,-123.15519406304198
47,-122.72266736848631
48,-124.6448210706041
49,-127.59411493720518
