,0
0,-171.8347592303728
1,-171.40006131537154
2,-121.98874054851525
3,-180.49838147288057
4,-171.5571681667538
5,-171.54516212532852
6,-171.21203721726272
7,-171.18173955338966
8,-172.8017762719252
9,-171.26734124291738
10,-171.44463939787826
11,-171.42000887928825
12,-171.18416804775416
13,-171.70400075399846
14,-171.28647797011058
15,-171.45114218159392
16,-171.04679069041282
17,-171.52995939526056
18,-171.55545448286213
19,-170.9831490118941
20,-171.60894503545182
21,-171.0583318560657
22,-171.84550835345263
23,-171.219941708701
24,-171.68837676542643
25,-171.0849547326176
26,-171.60519353411522
27,-171.50068580370115
28,-171.62110479230518
29,-171.76245170076047
30,-171.86498935942046
31,-171.52352130286354
32,-171.7334570398331
33,-171.31658575493654
34,-171.31984360634416
35,-171.58241435025522
36,-171.32908343384722
37,-171.4278240952402
38,-170.5616978609088
39,-171.40371382021408
40,-171.19686932835876
41,-171.14840987186162
42,-122.26394402376094
43,-122.90628991244532
44,-180.59921950108966
45,-132.14661001734945
46,-108.95864538609361
47,-113.35915265047646
48,-142.29547360648232
49,-118.16615900337904
