,0
0,-124.51694818945009
1,-125.83160992974442
2,-120.3224200657657
3,-125.584613011546
4,-126.95841008239759
5,-125.40241994121668
6,-124.28869719988325
7,-126.80085998509703
8,-121.25617561801094
9,-121.86979168265579
10,-123.37617009244471
11,-125.0714991559068
12,-126.15500257373401
13,-125.64820399827624
14,-126.51056858479824
15,-127.40292832689289
16,-123.2232812924782
17,-124.67908367701429
18,-125.75258620415104
19,-122.30029599967698
20,-115.64072930716875
21,-124.08690666024293
22,-115.41042032845077
23,-123.06696561305088
24,-127.48108164345926
25,-122.45439244984377
26,-124.75463354510602
27,-124.9298559407022
28,-127.44470541999902
29,-126.67700593302392
30,-124.0103644344907
31,-125.01578112823118
32,-127.06144152998458
33,-125.07800802959791
34,-122.23782184230603
35,-123.78992301308955
36,-125.15879514791177
37,-128.64382477817233
38,-123.70476589966303
39,-123.14804690858666
40,-125.7695501025551
41,-127.67738936668744
42,-120.65388856231961
43,-123.49708956428651
44,-122.92486080026818
45,-122.43407826430924
46,-126.01535282883349
47,-126.65676113760829
48,-123.55210514557017
49,-122.68477260505547
